0.000000 0.4498031
0.000200 0.4498031
0.000400 0.4498031
0.000600 0.4498031
0.000800 0.4498031
0.001000 0.4498031
0.001200 0.4498031
0.001400 0.4498031
0.001600 0.4498031
0.001800 0.4498031
0.002000 0.4498031
0.002200 0.4498031
0.002400 0.4498031
0.002600 0.4498031
0.002800 0.4498031
0.003000 0.4498031
0.003200 0.4325172
0.003400 0.4325172
0.003600 0.4325172
0.003800 0.4325172
0.004000 0.4325172
0.004200 0.4152313
0.004400 0.4152313
0.004600 0.4152313
0.004800 0.4152313
0.005000 0.4498031
0.005200 0.4498031
0.005400 0.4498031
0.005600 0.4498031
0.005800 0.4498031
0.006000 0.4670891
0.006200 0.4670891
0.006400 0.4670891
0.006600 0.4670891
0.006800 0.5362943
0.007000 0.5362943
0.007200 0.5362943
0.007400 0.5362943
0.007600 0.5362943
0.007800 0.622847
0.008000 0.622847
0.008200 0.622847
0.008400 0.622847
0.008600 0.622847
0.008800 0.622847
0.009000 0.622847
0.009200 0.7612574
0.009400 0.74391
0.009600 0.7612574
0.009800 0.74391
0.010000 0.7612574
0.010200 0.74391
0.010400 0.8477485
0.010600 0.8477485
0.010800 0.8477485
0.011000 0.8477485
0.011200 0.8477485
0.011400 0.8477485
0.011600 0.8477485
0.011800 1.003445
0.012000 1.003445
0.012200 1.003445
0.012400 1.003445
0.012600 1.003445
0.012800 1.003445
0.013000 1.141855
0.013200 1.141855
0.013400 1.141855
0.013600 1.141855
0.013800 1.141855
0.014000 1.141855
0.014200 1.141855
0.014400 1.314899
0.014600 1.314899
0.014800 1.314899
0.015000 1.314899
0.015200 1.314899
0.015400 1.314899
0.015600 1.435962
0.015800 1.435962
0.016000 1.435962
0.016200 1.435962
0.016400 1.435962
0.016600 1.435962
0.016800 1.435962
0.017000 1.539801
0.017200 1.539801
0.017400 1.539801
0.017600 1.539801
0.017800 1.539801
0.018000 1.539801
0.018200 1.626292
0.018400 1.626292
0.018600 1.626292
0.018800 1.626292
0.019000 1.626292
0.019200 1.626292
0.019400 1.626292
0.019600 1.660925
0.019800 1.660925
0.020000 1.660925
0.020200 1.660925
0.020400 1.660925
0.020600 1.660925
0.020800 1.695497
0.021000 1.695497
0.021200 1.695497
0.021400 1.695497
0.021600 1.695497
0.021800 1.695497
0.022000 1.695497
0.022200 1.712783
0.022400 1.73013
0.022600 1.73013
0.022800 1.73013
0.023000 1.73013
0.023200 1.73013
0.023400 1.73013
0.023600 1.747416
0.023800 1.747416
0.024000 1.747416
0.024200 1.747416
0.024400 1.747416
0.024600 1.747416
0.024800 1.764702
0.025000 1.764702
0.025200 1.764702
0.025400 1.764702
0.025600 1.764702
0.025800 1.764702
0.026000 1.764702
0.026200 1.764702
0.026400 1.764702
0.026600 1.764702
0.026800 1.764702
0.027000 1.764702
0.027200 1.764702
0.027400 1.764702
0.027600 1.764702
0.027800 1.764702
0.028000 1.764702
0.028200 1.764702
0.028400 1.764702
0.028600 1.764702
0.028800 1.781988
0.029000 1.781988
0.029200 1.781988
0.029400 1.781988
0.029600 1.781988
0.029800 1.781988
0.030000 1.764702
0.030200 1.764702
0.030400 1.764702
0.030600 1.764702
0.030800 1.764702
0.031000 1.764702
0.031200 1.764702
0.031400 1.73013
0.031600 1.73013
0.031800 1.73013
0.032000 1.73013
0.032200 1.73013
0.032400 1.73013
0.032600 1.660925
0.032800 1.660925
0.033000 1.678211
0.033200 1.660925
0.033400 1.660925
0.033600 1.660925
0.033800 1.660925
0.034000 1.522515
0.034200 1.522515
0.034400 1.522515
0.034600 1.522515
0.034800 1.522515
0.035000 1.522515
0.035200 1.384104
0.035400 1.384104
0.035600 1.384104
0.035800 1.384104
0.036000 1.384104
0.036200 1.384104
0.036400 1.384104
0.036600 1.245694
0.036800 1.245694
0.037000 1.245694
0.037200 1.245694
0.037400 1.245694
0.037600 1.245694
0.037800 1.245694
0.038000 1.089936
0.038200 1.089936
0.038400 1.089936
0.038600 1.089936
0.038800 1.089936
0.039000 1.089936
0.039200 0.9515256
0.039400 0.9515256
0.039600 0.9515256
0.039800 0.9515256
0.040000 0.9515256
0.040200 0.9515256
0.040400 0.9515256
0.040600 0.7958292
0.040800 0.7958292
0.041000 0.7958292
0.041200 0.7958292
0.041400 0.7958292
0.041600 0.7958292
0.041800 0.6747047
0.042000 0.6747047
0.042200 0.6747047
0.042400 0.6747047
0.042600 0.6747047
0.042800 0.6747047
0.043000 0.6747047
0.043200 0.5882136
0.043400 0.5882136
0.043600 0.5882136
0.043800 0.5882136
0.044000 0.5882136
0.044200 0.5882136
0.044400 0.5362943
0.044600 0.5362943
0.044800 0.5362943
0.045000 0.5362943
0.045200 0.5362943
0.045400 0.5536417
0.045600 0.5362943
0.045800 0.4670891
0.046000 0.4844365
0.046200 0.4844365
0.046400 0.4844365
0.046600 0.4844365
0.046800 0.4670891
0.047000 0.4498031
0.047200 0.4498031
0.047400 0.4498031
0.047600 0.4498031
0.047800 0.4498031
0.048000 0.4498031
0.048200 0.4498031
0.048400 0.4498031
0.048600 0.4498031
0.048800 0.4498031
0.049000 0.4670891
0.049200 0.4498031
0.049400 0.4498031
0.049600 0.4670891
0.049800 0.4670891
0.050000 0.4670891
0.050200 0.4670891
0.050400 0.4670891
0.050600 0.4670891
0.050800 0.4670891
0.051000 0.4325172
0.051200 0.4498031
0.051400 0.4498031
0.051600 0.4498031
0.051800 0.4498031
0.052000 0.4498031
0.052200 0.4498031
0.052400 0.4498031
0.052600 0.4498031
0.052800 0.4498031
0.053000 0.4498031
0.053200 0.4498031
0.053400 0.4498031
0.053600 0.4325172
0.053800 0.4325172
0.054000 0.4325172
0.054200 0.4325172
0.054400 0.4325172
0.054600 0.4325172
0.054800 0.4325172
